refBaseA: 0.245186
refBaseC: 0.253055
refBaseG: 0.253055
refBaseT: 0.245186
beginInsert: 0.0277689
extendInsert: 0.641208
beginDelete: 0.0492229
extendDelete: 0.58723
insertA: 0.256329
insertAqp: 0.871489	# mean 9.411
insertAqr: 63.82	# stdev 3.28615
insertC: 0.252614
insertCqp: 0.913592	# mean 8.90288
insertCqr: 94.1305	# stdev 3.12168
insertG: 0.238854
insertGqp: 0.913233	# mean 8.94841
insertGqr: 94.1836	# stdev 3.13027
insertT: 0.252203
insertTqp: 0.914097	# mean 8.83633
insertTqr: 94.0276	# stdev 3.10914
matchAA: 0.918881
matchAAqp: 0.660339	# mean 13.1995
matchAAqr: 25.6613	# stdev 4.4709
matchAC: 0.0293352
matchACqp: 0.909885	# mean 9.31935
matchACqr: 94.0963	# stdev 3.20037
matchAG: 0.0367242
matchAGqp: 0.915103	# mean 8.73336
matchAGqr: 94.1364	# stdev 3.08927
matchAT: 0.0150592
matchATqp: 0.825972	# mean 8.75222
matchATqr: 41.5396	# stdev 3.25519
matchCA: 0.0293423
matchCAqp: 0.910034	# mean 9.30035
matchCAqr: 94.0764	# stdev 3.19684
matchCC: 0.89733
matchCCqp: 0.893706	# mean 11.1911
matchCCqr: 94.0931	# stdev 3.53867
matchCG: 0.033796
matchCGqp: 0.918058	# mean 8.39662
matchCGqr: 94.0738	# stdev 3.02425
matchCT: 0.0395317
matchCTqp: 0.912633	# mean 9.00015
matchCTqr: 94.0154	# stdev 3.14034
matchGA: 0.0297631
matchGAqp: 0.908957	# mean 9.42484
matchGAqr: 94.0959	# stdev 3.22007
matchGC: 0.0443497
matchGCqp: 0.906625	# mean 9.68618
matchGCqr: 94.0483	# stdev 3.2686
matchGG: 0.884004
matchGGqp: 0.896984	# mean 10.8035
matchGGqr: 94.0687	# stdev 3.47049
matchGT: 0.0418833
matchGTqp: 0.914319	# mean 8.81796
matchGTqr: 94.0985	# stdev 3.10552
matchTA: 0.0198997
matchTAqp: 0.784154	# mean 9.4155
matchTAqr: 34.2059	# stdev 3.46514
matchTC: 0.0350917
matchTCqp: 0.909149	# mean 9.39597
matchTCqr: 94.0258	# stdev 3.21479
matchTG: 0.0278331
matchTGqp: 0.915134	# mean 8.72054
matchTGqr: 94.0354	# stdev 3.08695
matchTT: 0.917175
matchTTqp: 0.873812	# mean 12.0506
matchTTqr: 83.4467	# stdev 3.7136
