refBaseA: 0.25
refBaseC: 0.25
refBaseG: 0.25
refBaseT: 0.25
beginInsert: 0.1
beginDelete: 0.01
extendInsert: 0.6
extendDelete: 0.8
insertA: 0.22
insertAqp: 0.5	# mean 43.314
insertAqr: 43.314	# stdev 9.30742
insertC: 0.28
insertCqp: 0.5	# mean 51.93
insertCqr: 51.93	# stdev 10.1912
insertG: 0.1
insertGqp: 0.5	# mean 48.114
insertGqr: 48.114	# stdev 9.80959
insertT: 0.4
insertTqp: 0.5	# mean 42.288
insertTqr: 42.288	# stdev 9.19652
matchAA: 0.2
matchAAqp: 0.5	# mean 51.82
matchAAqr: 51.82	# stdev 10.1804
matchAC: 0.3
matchACqp: 0.5	# mean 43.783
matchACqr: 43.783	# stdev 9.35767
matchAG: 0.1
matchAGqp: 0.5	# mean 49.968
matchAGqr: 49.968	# stdev 9.9968
matchAT: 0.4
matchATqp: 0.5	# mean 45.215
matchATqr: 45.215	# stdev 9.50947
matchCA: 0.2
matchCAqp: 0.5	# mean 42.858
matchCAqr: 42.858	# stdev 9.25829
matchCC: 0.3
matchCCqp: 0.5	# mean 43.903
matchCCqr: 43.903	# stdev 9.37049
matchCG: 0.1
matchCGqp: 0.5	# mean 50.409
matchCGqr: 50.409	# stdev 10.0408
matchCT: 0.4
matchCTqp: 0.5	# mean 48.411
matchCTqr: 48.411	# stdev 9.83982
matchGA: 0.2
matchGAqp: 0.5	# mean 50.776
matchGAqr: 50.776	# stdev 10.0773
matchGC: 0.3
matchGCqp: 0.5	# mean 46.88
matchGCqr: 46.88	# stdev 9.68297
matchGG: 0.15
matchGGqp: 0.5	# mean 51.539
matchGGqr: 51.539	# stdev 10.1527
matchGT: 0.35
matchGTqp: 0.5	# mean 48.299
matchGTqr: 48.299	# stdev 9.82843
matchTA: 0.2
matchTAqp: 0.5	# mean 44.78
matchTAqr: 44.78	# stdev 9.46361
matchTC: 0.3
matchTCqp: 0.5	# mean 49.218
matchTCqr: 49.218	# stdev 9.92149
matchTG: 0.1
matchTGqp: 0.5	# mean 50.108
matchTGqr: 50.108	# stdev 10.0108
matchTT: 0.4
matchTTqp: 0.5	# mean 50.516
matchTTqr: 50.516	# stdev 10.0515
